1.545414115463956961e-02 -1.377502680665535937e-03 -3.251067649332287871e-03 3.833552195504422709e-04 -9.769024358231596580e-04 -2.758605211892536414e-03 -1.144954591487388909e-03 -1.622168566473140752e-03
-1.377502680665535937e-03 2.152339117130106991e-02 2.678290958578497232e-03 1.444226176040353307e-04 -1.047625011863018542e-03 2.475949058593145818e-03 1.630192415065255095e-03 -1.333110786156668781e-02
-3.251067649332287871e-03 2.678290958578497232e-03 1.781671142819460721e-02 -2.072239787922920511e-03 -1.551032138732496993e-04 2.399126640971552813e-04 1.390337884413247235e-03 -2.311513138752854541e-03
3.833552195504422709e-04 1.444226176040353307e-04 -2.072239787922920511e-03 1.655611392534572790e-02 -3.286215166888146956e-04 -4.742557351942434073e-03 4.311729445684948838e-04 -5.487727938151502199e-03
-9.769024358231596580e-04 -1.047625011863018542e-03 -1.551032138732496993e-04 -3.286215166888146956e-04 2.442477486633841052e-02 -1.496702502105839647e-02 -4.400402057719878229e-04 -1.224998699626121072e-03
-2.758605211892536414e-03 2.475949058593145818e-03 2.399126640971552813e-04 -4.742557351942434073e-03 -1.496702502105839647e-02 2.644293568773830455e-02 6.629353621014691649e-04 3.119472023965912024e-03
-1.144954591487388909e-03 1.630192415065255095e-03 1.390337884413247235e-03 4.311729445684948838e-04 -4.400402057719878229e-04 6.629353621014691649e-04 1.604359168413022410e-02 -9.312889807377869398e-04
-1.622168566473140752e-03 -1.333110786156668781e-02 -2.311513138752854541e-03 -5.487727938151502199e-03 -1.224998699626121072e-03 3.119472023965912024e-03 -9.312889807377869398e-04 2.337062335572731228e-02
