8.688113514646447766e-03 2.392162254677571761e-03 -8.689988388782020953e-04 7.876016184849072470e-04 -3.981713119601849047e-04 1.455877766411543123e-03 4.481542864899290351e-04 4.256235901003361361e-04 -6.950232992738828512e-07 -4.066671067629992536e-04 6.643079167637950264e-04 8.199744573062554788e-04 -3.708318017342203681e-05 -1.228002418388330610e-04 3.393469347707337184e-04 1.696978514582038466e-03 -6.918306796934978230e-04 1.195763036197036765e-03 -9.762033090720433808e-04 -6.784735867981082262e-04 -1.576024971060240823e-04 2.638921577599078936e-04 2.354984577635031294e-04 1.208633192636284582e-04 2.992125702791487542e-04
2.392162254677571761e-03 8.252248238319588244e-03 3.089769791492084813e-05 -5.835368456255462079e-04 -3.003559343847884348e-04 -1.012762516662557306e-03 -2.154787021050165810e-04 5.656948882036051831e-05 4.756895661997515858e-04 -2.356752490924775973e-04 -3.196568068078572619e-05 4.739911692906895895e-04 -2.683592943575480172e-04 2.191913224927745732e-04 -1.186220814630568307e-04 5.270867843932262225e-04 1.779409268645913917e-04 3.112054439080157056e-04 -1.018549598069559258e-03 -5.255689073871524153e-04 -2.076616656119044228e-04 -5.880790467121034017e-04 2.737528540826479118e-04 6.136442592671419031e-05 -1.992473312757642515e-04
-8.689988388782020953e-04 3.089769791492084813e-05 1.113200876275562481e-02 -1.141410407672947494e-04 -6.566000568718317887e-03 -6.868709605832619284e-04 -6.648797920145138162e-04 -3.844949816157948149e-04 -1.041860131916469206e-04 -1.075304969007010282e-03 7.262442172017755755e-04 -4.850301820833827915e-05 3.148647755317093128e-04 2.588326761297383158e-04 3.727450123283761771e-04 8.338293076027041744e-04 1.152598425989460190e-03 4.436605408761493336e-04 7.493673816007964499e-04 7.946039338937085222e-04 1.262756246735209165e-03 6.646584965576627637e-04 -2.856797812507083862e-04 -2.345190889351616258e-04 -1.200748168612336512e-03
7.876016184849072470e-04 -5.835368456255462079e-04 -1.141410407672947494e-04 9.193511045235649992e-03 2.619159142496023905e-04 2.766789907858557395e-04 -1.401776365218689957e-04 8.559157416623278862e-06 -3.560734667107239319e-04 2.698433840514423659e-04 -3.569285059370387462e-04 -8.435670609890925020e-04 -3.635798714396290369e-03 3.443274672372058603e-04 1.214252350281480093e-04 -9.626561359317048234e-05 -6.389108712946217584e-04 -3.297354543648874027e-04 -2.220138841565186055e-04 -4.830992535287266217e-04 3.246923998012858420e-04 -1.322110939630304158e-04 2.867210029721711014e-04 3.307249347194747406e-04 4.015102628941256816e-04
-3.981713119601849047e-04 -3.003559343847884348e-04 -6.566000568718317887e-03 2.619159142496023905e-04 1.200163039849902642e-02 -3.874442842432297284e-04 4.212928012568388503e-04 3.006920907038505451e-04 3.423635778855913100e-04 -8.146095764650745615e-04 -5.235727979050548204e-05 -1.467997858780061731e-04 -6.284408043623037265e-04 -2.048771933717726792e-04 -1.765036800312174813e-03 -1.053211727062646277e-03 -5.662544135872881997e-04 -2.047689028714854385e-03 -7.114058098692812259e-05 -7.976020139473371118e-04 -3.870667506923905303e-05 1.030651745632400870e-04 7.790498821310545916e-04 1.832437507915509693e-03 2.512488637757594786e-03
1.455877766411543123e-03 -1.012762516662557306e-03 -6.868709605832619284e-04 2.766789907858557395e-04 -3.874442842432297284e-04 9.165320245610803634e-03 -5.550594079568472311e-04 -1.495007235790087778e-05 -5.845770391569431743e-04 -3.122621912505398051e-05 -1.225384366259521887e-04 3.370105025273934505e-04 7.604765777131847464e-04 -1.896341067333076516e-04 -2.422700632993607037e-04 -8.243110565913131676e-05 -5.498202702478971037e-04 -1.593162930585651036e-04 -1.115444746911300545e-03 -3.610690143509352030e-04 -7.175148519361246617e-04 -5.999374648099531533e-04 -9.100173053029757698e-04 -1.851151447481432324e-04 -6.078103675903257690e-04
4.481542864899290351e-04 -2.154787021050165810e-04 -6.648797920145138162e-04 -1.401776365218689957e-04 4.212928012568388503e-04 -5.550594079568472311e-04 8.646816513591334269e-03 -5.279957347902871712e-04 -1.516897476223384418e-03 -5.841975136941404516e-04 -1.798042164349510910e-03 2.852114976749159847e-04 -5.883056291677923140e-04 -4.730775721495557849e-04 -7.658712326434166293e-06 1.350636966964681939e-04 -1.095406733501225926e-04 -1.223741965589066744e-04 3.144451489761875625e-04 3.185085198360721988e-04 -2.879318416063002262e-04 -6.222434678814941535e-04 1.998940734373694066e-03 -5.166637838161526044e-04 -1.144925899052074737e-03
4.256235901003361361e-04 5.656948882036051831e-05 -3.844949816157948149e-04 8.559157416623278862e-06 3.006920907038505451e-04 -1.495007235790087778e-05 -5.279957347902871712e-04 6.817257466830554426e-03 2.280247928390201145e-04 2.683149273651899767e-04 5.143237431653700786e-04 2.252512728951936544e-04 -2.669017571754179574e-04 -7.937437232584959200e-04 -3.338815177155727881e-04 -1.176792443876510490e-04 -2.067482207082803802e-04 -2.829974014667696602e-04 2.517974366361755683e-04 -1.072124847430930262e-04 1.086261508080186037e-03 5.950311757998344225e-04 3.651040051393357000e-05 -2.773981774455768303e-04 -1.460791123576239797e-05
-6.950232992738828512e-07 4.756895661997515858e-04 -1.041860131916469206e-04 -3.560734667107239319e-04 3.423635778855913100e-04 -5.845770391569431743e-04 -1.516897476223384418e-03 2.280247928390201145e-04 8.439184831502478598e-03 -4.988399828533274238e-04 -1.421254151355311581e-03 -2.716273063261054658e-04 -6.216530537862168058e-04 8.016471402446134255e-05 -6.672276418379054696e-04 2.790438312976718446e-04 -1.299128013116439264e-05 -5.797899523005688475e-04 -7.601343430440262740e-05 -1.172967221258233543e-04 -1.298236605108289406e-04 2.264545882540746399e-03 -1.317534322051605198e-04 -1.236830325180223638e-03 -7.913691537267559259e-04
-4.066671067629992536e-04 -2.356752490924775973e-04 -1.075304969007010282e-03 2.698433840514423659e-04 -8.146095764650745615e-04 -3.122621912505398051e-05 -5.841975136941404516e-04 2.683149273651899767e-04 -4.988399828533274238e-04 1.120638610287031343e-02 4.191480001729075791e-04 7.397439872715693560e-04 9.790810018699133764e-05 6.249508837046759081e-05 -4.160166018766444534e-04 4.548885830765638373e-04 6.717967823068609235e-05 -2.319551524826616131e-04 -1.462084325872983759e-03 -1.121489868332198499e-03 5.933430639533686379e-03 6.781936897321850198e-03 1.293428026946984795e-04 2.411129440342590219e-03 1.194591904966936947e-03
6.643079167637950264e-04 -3.196568068078572619e-05 7.262442172017755755e-04 -3.569285059370387462e-04 -5.235727979050548204e-05 -1.225384366259521887e-04 -1.798042164349510910e-03 5.143237431653700786e-04 -1.421254151355311581e-03 4.191480001729075791e-04 9.631367378626309178e-03 3.661113822565246838e-04 -5.808938848249637016e-04 -5.819881817614612138e-04 -8.198571906995209607e-04 -7.084360834877986564e-05 -5.388824651842827719e-04 3.449813164351207779e-05 3.223959511530131278e-04 1.128912087414108892e-04 4.141860600457646958e-03 3.005989280033892486e-03 -5.377767273688095068e-04 5.251942457781951998e-04 1.517328911544974131e-03
8.199744573062554788e-04 4.739911692906895895e-04 -4.850301820833827915e-05 -8.435670609890925020e-04 -1.467997858780061731e-04 3.370105025273934505e-04 2.852114976749159847e-04 2.252512728951936544e-04 -2.716273063261054658e-04 7.397439872715693560e-04 3.661113822565246838e-04 6.301591824682478173e-03 6.591134538137217525e-04 1.889668382624722055e-04 1.179082506887606810e-04 4.415657609565867966e-04 -2.368266542565057012e-04 -4.976145246434123556e-05 -6.956351220075469724e-04 -4.497443597966319095e-04 -1.300020470013155387e-04 3.035067051994737850e-04 -4.509346815091633146e-05 1.702292113511570746e-04 -4.161479394539401629e-04
-3.708318017342203681e-05 -2.683592943575480172e-04 3.148647755317093128e-04 -3.635798714396290369e-03 -6.284408043623037265e-04 7.604765777131847464e-04 -5.883056291677923140e-04 -2.669017571754179574e-04 -6.216530537862168058e-04 9.790810018699133764e-05 -5.808938848249637016e-04 6.591134538137217525e-04 9.044644386017351018e-03 -7.608660597506325179e-04 -5.317064415328527681e-04 6.826140961741437158e-05 -6.616725474217270112e-05 1.170514166731284020e-04 -3.715537691637923893e-04 -2.066922356681254419e-04 -5.450132721154687292e-04 -6.396960970068209067e-04 -8.599993591474571798e-04 -2.594963843199260729e-05 -3.430138408790299573e-04
-1.228002418388330610e-04 2.191913224927745732e-04 2.588326761297383158e-04 3.443274672372058603e-04 -2.048771933717726792e-04 -1.896341067333076516e-04 -4.730775721495557849e-04 -7.937437232584959200e-04 8.016471402446134255e-05 6.249508837046759081e-05 -5.819881817614612138e-04 1.889668382624722055e-04 -7.608660597506325179e-04 7.469134446280852220e-03 7.774652143134578469e-05 -9.257693790626007858e-05 -5.526363343099686097e-04 -5.417492697638512378e-04 3.221749835166611746e-04 3.995623684665815809e-04 9.987678729727676556e-04 1.019085450745633179e-03 -1.648977363744550889e-05 -1.078016530488662764e-03 -2.878537278382022209e-04
3.393469347707337184e-04 -1.186220814630568307e-04 3.727450123283761771e-04 1.214252350281480093e-04 -1.765036800312174813e-03 -2.422700632993607037e-04 -7.658712326434166293e-06 -3.338815177155727881e-04 -6.672276418379054696e-04 -4.160166018766444534e-04 -8.198571906995209607e-04 1.179082506887606810e-04 -5.317064415328527681e-04 7.774652143134578469e-05 9.156239675704757816e-03 5.067161372287251738e-04 1.167538228134674374e-04 2.030621048768636242e-04 -3.129909066915397432e-04 1.401830302209166702e-05 -2.619796530992116136e-04 -4.238967225079511947e-04 1.383340385843654817e-03 4.219944196191726705e-03 3.607386923954020250e-03
1.696978514582038466e-03 5.270867843932262225e-04 8.338293076027041744e-04 -9.626561359317048234e-05 -1.053211727062646277e-03 -8.243110565913131676e-05 1.350636966964681939e-04 -1.176792443876510490e-04 2.790438312976718446e-04 4.548885830765638373e-04 -7.084360834877986564e-05 4.415657609565867966e-04 6.826140961741437158e-05 -9.257693790626007858e-05 5.067161372287251738e-04 1.456925175244658081e-02 -9.544527251054295324e-04 -1.729260220629003932e-04 7.276878492671935445e-04 -1.328243647346582211e-04 -5.891836817891691344e-04 -2.115081392962913883e-04 1.999825126132982690e-04 -3.701169477849408944e-04 1.931581613408545181e-04
-6.918306796934978230e-04 1.779409268645913917e-04 1.152598425989460190e-03 -6.389108712946217584e-04 -5.662544135872881997e-04 -5.498202702478971037e-04 -1.095406733501225926e-04 -2.067482207082803802e-04 -1.299128013116439264e-05 6.717967823068609235e-05 -5.388824651842827719e-04 -2.368266542565057012e-04 -6.616725474217270112e-05 -5.526363343099686097e-04 1.167538228134674374e-04 -9.544527251054295324e-04 6.951690438315619863e-03 1.557810120507608634e-03 -2.252895066180794553e-04 2.001395262421008897e-05 4.021930275272557736e-04 4.498418868207258270e-04 -2.132723686020021657e-04 -4.277957412840382008e-05 9.854800084436070643e-05
1.195763036197036765e-03 3.112054439080157056e-04 4.436605408761493336e-04 -3.297354543648874027e-04 -2.047689028714854385e-03 -1.593162930585651036e-04 -1.223741965589066744e-04 -2.829974014667696602e-04 -5.797899523005688475e-04 -2.319551524826616131e-04 3.449813164351207779e-05 -4.976145246434123556e-05 1.170514166731284020e-04 -5.417492697638512378e-04 2.030621048768636242e-04 -1.729260220629003932e-04 1.557810120507608634e-03 1.097675244810897809e-02 8.618971782789833981e-06 6.817348599990397844e-04 1.031218384970708718e-03 1.898299259518031190e-03 4.058490473265066560e-04 1.040487972036109685e-03 9.660417493387847641e-04
-9.762033090720433808e-04 -1.018549598069559258e-03 7.493673816007964499e-04 -2.220138841565186055e-04 -7.114058098692812259e-05 -1.115444746911300545e-03 3.144451489761875625e-04 2.517974366361755683e-04 -7.601343430440262740e-05 -1.462084325872983759e-03 3.223959511530131278e-04 -6.956351220075469724e-04 -3.715537691637923893e-04 3.221749835166611746e-04 -3.129909066915397432e-04 7.276878492671935445e-04 -2.252895066180794553e-04 8.618971782789833981e-06 1.528115816701981593e-02 9.940441068380772779e-03 2.147651742639931905e-04 -1.299606893657740553e-04 6.231809255660442515e-05 4.746222509134170073e-04 8.057171260993304784e-04
-6.784735867981082262e-04 -5.255689073871524153e-04 7.946039338937085222e-04 -4.830992535287266217e-04 -7.976020139473371118e-04 -3.610690143509352030e-04 3.185085198360721988e-04 -1.072124847430930262e-04 -1.172967221258233543e-04 -1.121489868332198499e-03 1.128912087414108892e-04 -4.497443597966319095e-04 -2.066922356681254419e-04 3.995623684665815809e-04 1.401830302209166702e-05 -1.328243647346582211e-04 2.001395262421008897e-05 6.817348599990397844e-04 9.940441068380772779e-03 1.279799871119824753e-02 -2.683822312805737463e-04 -2.434387310228711251e-04 -1.167818710055438321e-04 6.732508714151337571e-04 6.423462200992401767e-04
-1.576024971060240823e-04 -2.076616656119044228e-04 1.262756246735209165e-03 3.246923998012858420e-04 -3.870667506923905303e-05 -7.175148519361246617e-04 -2.879318416063002262e-04 1.086261508080186037e-03 -1.298236605108289406e-04 5.933430639533686379e-03 4.141860600457646958e-03 -1.300020470013155387e-04 -5.450132721154687292e-04 9.987678729727676556e-04 -2.619796530992116136e-04 -5.891836817891691344e-04 4.021930275272557736e-04 1.031218384970708718e-03 2.147651742639931905e-04 -2.683822312805737463e-04 1.976465083335404369e-02 1.640232329814322529e-02 1.720722860840104328e-04 -1.070682789871022042e-04 -9.667817973605553211e-05
2.638921577599078936e-04 -5.880790467121034017e-04 6.646584965576627637e-04 -1.322110939630304158e-04 1.030651745632400870e-04 -5.999374648099531533e-04 -6.222434678814941535e-04 5.950311757998344225e-04 2.264545882540746399e-03 6.781936897321850198e-03 3.005989280033892486e-03 3.035067051994737850e-04 -6.396960970068209067e-04 1.019085450745633179e-03 -4.238967225079511947e-04 -2.115081392962913883e-04 4.498418868207258270e-04 1.898299259518031190e-03 -1.299606893657740553e-04 -2.434387310228711251e-04 1.640232329814322529e-02 2.144149947003871209e-02 3.950571315499342307e-04 -5.931602469250169115e-04 -4.426848345163193754e-04
2.354984577635031294e-04 2.737528540826479118e-04 -2.856797812507083862e-04 2.867210029721711014e-04 7.790498821310545916e-04 -9.100173053029757698e-04 1.998940734373694066e-03 3.651040051393357000e-05 -1.317534322051605198e-04 1.293428026946984795e-04 -5.377767273688095068e-04 -4.509346815091633146e-05 -8.599993591474571798e-04 -1.648977363744550889e-05 1.383340385843654817e-03 1.999825126132982690e-04 -2.132723686020021657e-04 4.058490473265066560e-04 6.231809255660442515e-05 -1.167818710055438321e-04 1.720722860840104328e-04 3.950571315499342307e-04 8.341795093115547330e-03 3.431451730381342938e-03 3.726973471495797444e-03
1.208633192636284582e-04 6.136442592671419031e-05 -2.345190889351616258e-04 3.307249347194747406e-04 1.832437507915509693e-03 -1.851151447481432324e-04 -5.166637838161526044e-04 -2.773981774455768303e-04 -1.236830325180223638e-03 2.411129440342590219e-03 5.251942457781951998e-04 1.702292113511570746e-04 -2.594963843199260729e-05 -1.078016530488662764e-03 4.219944196191726705e-03 -3.701169477849408944e-04 -4.277957412840382008e-05 1.040487972036109685e-03 4.746222509134170073e-04 6.732508714151337571e-04 -1.070682789871022042e-04 -5.931602469250169115e-04 3.431451730381342938e-03 1.685913698506658412e-02 1.201192630961379210e-02
2.992125702791487542e-04 -1.992473312757642515e-04 -1.200748168612336512e-03 4.015102628941256816e-04 2.512488637757594786e-03 -6.078103675903257690e-04 -1.144925899052074737e-03 -1.460791123576239797e-05 -7.913691537267559259e-04 1.194591904966936947e-03 1.517328911544974131e-03 -4.161479394539401629e-04 -3.430138408790299573e-04 -2.878537278382022209e-04 3.607386923954020250e-03 1.931581613408545181e-04 9.854800084436070643e-05 9.660417493387847641e-04 8.057171260993304784e-04 6.423462200992401767e-04 -9.667817973605553211e-05 -4.426848345163193754e-04 3.726973471495797444e-03 1.201192630961379210e-02 1.614774292565075015e-02
