3.325491133102521230e-02 -1.191909182879748565e-03 -2.469174995826795677e-05 -7.102315746205372119e-04 -1.117157174301787979e-03 6.221222442749108365e-05 1.342753768742701572e-03 3.261430897463663773e-03 -7.135801668835605599e-03 -4.334476383857195463e-03 1.107040044507379313e-02 -6.990290589918269314e-04 -1.326638806860723626e-03 9.404717334229407353e-06 9.114297754052921863e-02
-1.191909182879748565e-03 1.733107489257463066e-02 -1.222031072456014221e-03 1.127096472626215059e-04 2.322187024728369822e-03 -4.661698362835192699e-04 -5.464071103011005574e-04 -1.377045498531031262e-03 1.048952608469359474e-04 6.891773178566860860e-04 7.796867107354556528e-04 1.146765363884509603e-04 1.238259451314780921e-03 -1.000847921626602530e-03 -5.422201117348445822e-03
-2.469174995826795677e-05 -1.222031072456014221e-03 1.987108929108589300e-02 -1.403115804947947408e-03 -2.320351393170075934e-03 3.622740567531341094e-03 2.219784227383436606e-04 -5.729899846561870187e-03 -2.325204833936619399e-03 2.628112939937376786e-03 -3.082913404570444913e-03 -2.914236824791467282e-04 -2.008789570800949883e-03 -5.274781688748848407e-04 -6.054336702721607039e-03
-7.102315746205372119e-04 1.127096472626215059e-04 -1.403115804947947408e-03 1.851765705583967997e-02 -1.332034729234856914e-03 -1.916285383299677582e-03 1.030330636843760516e-04 -2.392448055371933745e-03 -3.687550529281731233e-03 2.300311307553762872e-04 -2.751559781046541454e-03 2.211244586414868013e-04 -5.902238078590800506e-04 4.131692954977296203e-03 -1.028531286393257610e-02
-1.117157174301787979e-03 2.322187024728369822e-03 -2.320351393170075934e-03 -1.332034729234856914e-03 1.787236556347452168e-02 2.773939353437978624e-05 8.125956050787059388e-04 -2.049663268507165249e-04 3.066689356430235634e-03 -1.334651886093343514e-03 1.768338066143866801e-03 7.360714066047041506e-04 1.748845059557314549e-03 -1.683247521074651004e-03 1.882667123768701862e-03
6.221222442749108365e-05 -4.661698362835192699e-04 3.622740567531341094e-03 -1.916285383299677582e-03 2.773939353437978624e-05 2.386334894919199534e-02 -5.554656837787701890e-03 -7.786995864702847634e-04 3.179109809102356569e-03 -2.879498619962673946e-03 4.379205782016224076e-03 -4.211950504459161838e-04 -3.508176421384698513e-04 -4.146296803299797176e-03 6.587509278797461752e-03
1.342753768742701572e-03 -5.464071103011005574e-04 2.219784227383436606e-04 1.030330636843760516e-04 8.125956050787059388e-04 -5.554656837787701890e-03 2.262640397567414544e-02 -4.508289661412972528e-03 -2.163274213900268344e-03 1.684998183627033118e-03 -8.396976548854003918e-04 -3.716398522153613196e-04 -2.075892130037877356e-03 -1.551409463093885409e-03 6.003715462556761737e-03
3.261430897463663773e-03 -1.377045498531031262e-03 -5.729899846561870187e-03 -2.392448055371933745e-03 -2.049663268507165249e-04 -7.786995864702847634e-04 -4.508289661412972528e-03 2.778466310116987567e-02 -2.558282870989276193e-03 -2.072878207744758465e-04 -2.011917278184069749e-03 -2.675192903202712989e-03 2.599095363256300091e-03 -2.614528895624648849e-04 7.835192342715594990e-03
-7.135801668835605599e-03 1.048952608469359474e-04 -2.325204833936619399e-03 -3.687550529281731233e-03 3.066689356430235634e-03 3.179109809102356569e-03 -2.163274213900268344e-03 -2.558282870989276193e-03 2.417277093375958669e-02 -2.032561832956310700e-03 -1.763299008776265161e-03 -2.616881547893006293e-03 2.593352107198421304e-03 -2.325952153954593052e-03 1.468207968757767601e-02
-4.334476383857195463e-03 6.891773178566860860e-04 2.628112939937376786e-03 2.300311307553762872e-04 -1.334651886093343514e-03 -2.879498619962673946e-03 1.684998183627033118e-03 -2.072878207744758465e-04 -2.032561832956310700e-03 3.064865285949299606e-02 -3.225825274724871544e-02 1.039016104394510859e-03 -3.374956184224165573e-03 -7.599396839707273348e-04 -8.961897561612830812e-03
1.107040044507379313e-02 7.796867107354556528e-04 -3.082913404570444913e-03 -2.751559781046541454e-03 1.768338066143866801e-03 4.379205782016224076e-03 -8.396976548854003918e-04 -2.011917278184069749e-03 -1.763299008776265161e-03 -3.225825274724871544e-02 8.171460634154842362e-02 -3.481600543383062130e-03 1.159957904524555172e-03 3.187413441950003555e-03 -1.063027452749047870e-02
-6.990290589918269314e-04 1.146765363884509603e-04 -2.914236824791467282e-04 2.211244586414868013e-04 7.360714066047041506e-04 -4.211950504459161838e-04 -3.716398522153613196e-04 -2.675192903202712989e-03 -2.616881547893006293e-03 1.039016104394510859e-03 -3.481600543383062130e-03 1.753822643106712695e-02 -1.118309161356613457e-03 -2.390981006769100393e-03 2.705410494803799602e-03
-1.326638806860723626e-03 1.238259451314780921e-03 -2.008789570800949883e-03 -5.902238078590800506e-04 1.748845059557314549e-03 -3.508176421384698513e-04 -2.075892130037877356e-03 2.599095363256300091e-03 2.593352107198421304e-03 -3.374956184224165573e-03 1.159957904524555172e-03 -1.118309161356613457e-03 1.632462514423697539e-02 1.183000957155631687e-03 -6.773015368521064644e-03
9.404717334229407353e-06 -1.000847921626602530e-03 -5.274781688748848407e-04 4.131692954977296203e-03 -1.683247521074651004e-03 -4.146296803299797176e-03 -1.551409463093885409e-03 -2.614528895624648849e-04 -2.325952153954593052e-03 -7.599396839707273348e-04 3.187413441950003555e-03 -2.390981006769100393e-03 1.183000957155631687e-03 2.221349759616693398e-02 -6.853963574186890985e-03
9.114297754052921863e-02 -5.422201117348445822e-03 -6.054336702721607039e-03 -1.028531286393257610e-02 1.882667123768701862e-03 6.587509278797461752e-03 6.003715462556761737e-03 7.835192342715594990e-03 1.468207968757767601e-02 -8.961897561612830812e-03 -1.063027452749047870e-02 2.705410494803799602e-03 -6.773015368521064644e-03 -6.853963574186890985e-03 7.170638403321250021e-01
