4.315841163483559451e-02 -4.211906909754942890e-03 -9.769744519224880450e-03 -3.568008265910706332e-03 9.038205829648851628e-05 -3.151719278455758760e-03 -1.049118919651875412e-03 8.990177790663095130e-04 -4.356497704783244759e-03 8.102420205822910516e-04 3.891825709005723288e-03 -2.575543200786203218e-03 7.747992178892848004e-03 5.951251014446833337e-04
-4.211906909754942890e-03 5.992736787836368956e-02 6.243408982318949911e-03 2.400078517238037491e-03 -1.183543851030277767e-02 -1.041528268496156283e-02 -3.098504202280141610e-03 6.313976703913411941e-04 2.441482010302556058e-02 9.473295346675401777e-04 5.435185950408655785e-03 -2.272016215658696162e-03 -1.770719816405378483e-02 -3.033557288148967454e-03
-9.769744519224880450e-03 6.243408982318949911e-03 7.086429633956377316e-02 9.330340799268869306e-03 1.120262491119254633e-02 2.332167293377726200e-02 -6.183171269349532588e-03 -4.711554437616705636e-03 -7.597647754148423305e-03 4.941065211963971242e-03 -5.465149106252405187e-03 8.302830262167134115e-03 6.016836898621734549e-03 -1.830401723503470232e-02
-3.568008265910706332e-03 2.400078517238037491e-03 9.330340799268869306e-03 4.680134182223545658e-02 8.455832078501602719e-03 6.070302708416677176e-04 2.150218855988472559e-03 2.585718949387029800e-03 4.600630529332939977e-03 -8.459606760517004997e-03 6.418748588976130182e-03 2.362443989446961958e-03 1.647004933315374077e-03 -3.556603211651747538e-03
9.038205829648851628e-05 -1.183543851030277767e-02 1.120262491119254633e-02 8.455832078501602719e-03 4.630358566480226312e-02 1.474609545979892796e-03 -7.803569818888898314e-03 -4.322120665173442735e-04 -1.029132036958335140e-02 -7.562769108628470492e-06 -6.923655811367535572e-03 5.621953290832462126e-03 1.318888901800251319e-02 -1.524842358176121352e-03
-3.151719278455758760e-03 -1.041528268496156283e-02 2.332167293377726200e-02 6.070302708416677176e-04 1.474609545979892796e-03 5.037027935254038274e-02 -7.325144449681513827e-04 -8.019475318070103109e-03 -9.792945032616856213e-03 3.663438569453544413e-03 -3.135387866960758722e-03 3.871544809015527080e-03 5.585988379686825447e-03 -3.049131361939617230e-03
-1.049118919651875412e-03 -3.098504202280141610e-03 -6.183171269349532588e-03 2.150218855988472559e-03 -7.803569818888898314e-03 -7.325144449681513827e-04 4.553798514008710469e-02 -3.234569126706160719e-04 -3.895744853178232086e-03 -2.537539503281733676e-03 5.210457216963487910e-03 -1.054605971924343216e-02 -1.608157157538758417e-02 -7.468098459687567145e-04
8.990177790663095130e-04 6.313976703913411941e-04 -4.711554437616705636e-03 2.585718949387029800e-03 -4.322120665173442735e-04 -8.019475318070103109e-03 -3.234569126706160719e-04 4.296377636754496881e-02 1.288230048950878741e-03 -1.140433187023132382e-03 4.017791125910314884e-03 -5.694198210364702362e-03 7.726605061488072117e-04 8.152124840348936446e-03
-4.356497704783244759e-03 2.441482010302556058e-02 -7.597647754148423305e-03 4.600630529332939977e-03 -1.029132036958335140e-02 -9.792945032616856213e-03 -3.895744853178232086e-03 1.288230048950878741e-03 6.684059725388244444e-02 6.448602544960418265e-03 6.373591515495696976e-03 9.839882681590429378e-03 -1.643476205233138478e-03 1.028610605960735697e-03
8.102420205822910516e-04 9.473295346675401777e-04 4.941065211963971242e-03 -8.459606760517004997e-03 -7.562769108628470492e-06 3.663438569453544413e-03 -2.537539503281733676e-03 -1.140433187023132382e-03 6.448602544960418265e-03 4.536019396722287128e-02 -4.373041037484393448e-03 -4.437485511165413605e-06 4.828259300450021309e-03 -4.135753910336601932e-03
3.891825709005723288e-03 5.435185950408655785e-03 -5.465149106252405187e-03 6.418748588976130182e-03 -6.923655811367535572e-03 -3.135387866960758722e-03 5.210457216963487910e-03 4.017791125910314884e-03 6.373591515495696976e-03 -4.373041037484393448e-03 7.445282037528895558e-02 -3.491800986681137947e-02 -8.738705680699393810e-03 1.039386726609444703e-03
-2.575543200786203218e-03 -2.272016215658696162e-03 8.302830262167134115e-03 2.362443989446961958e-03 5.621953290832462126e-03 3.871544809015527080e-03 -1.054605971924343216e-02 -5.694198210364702362e-03 9.839882681590429378e-03 -4.437485511165413605e-06 -3.491800986681137947e-02 6.338483637751368693e-02 1.536536024173136908e-02 -4.892464416347437443e-03
7.747992178892848004e-03 -1.770719816405378483e-02 6.016836898621734549e-03 1.647004933315374077e-03 1.318888901800251319e-02 5.585988379686825447e-03 -1.608157157538758417e-02 7.726605061488072117e-04 -1.643476205233138478e-03 4.828259300450021309e-03 -8.738705680699393810e-03 1.536536024173136908e-02 7.198711581271752258e-02 2.452962340927461980e-03
5.951251014446833337e-04 -3.033557288148967454e-03 -1.830401723503470232e-02 -3.556603211651747538e-03 -1.524842358176121352e-03 -3.049131361939617230e-03 -7.468098459687567145e-04 8.152124840348936446e-03 1.028610605960735697e-03 -4.135753910336601932e-03 1.039386726609444703e-03 -4.892464416347437443e-03 2.452962340927461980e-03 4.714522438426398121e-02
